<?xml version="1.0"?>
<opencv_storage>
<L type_id="opencv-matrix">
  <rows>45</rows>
  <cols>3</cols>
  <dt>f</dt>
  <data>
    -1.94132671e-001 -1. 6.51153412e+001 7.61021435e-001 -1.
    -3.49653969e+001 -5.35612941e-001 -1. 1.00895538e+002
    1.86109558e-001 -1. 2.52736816e+001 -1.67300433e-001 -1.
    6.23038673e+001 -1.57153904e-001 -1. 6.12407150e+001
    -1.66709697e+000 -1. 2.19452072e+002 -1.72807956e+000 -1.
    2.25841812e+002 6.18961239e+000 -1. -8.47825928e+002 2.16537356e-001
    -1. 1.36737473e+002 4.24199909e-001 -1. 1.02507706e+002
    -1.55433476e+000 -1. 6.53094543e+002 -1.11702643e-001 -1.
    2.88438629e+002 4.03143875e-002 -1. 8.79438629e+001 4.22230251e-002
    -1. 8.76417389e+001 -6.32155180e-001 -1. 1.94389328e+002
    2.18621671e-001 -1. 5.97195320e+001 4.33397579e+000 -1.
    -1.00001917e+003 -2.02255106e+000 -1. 6.03633789e+002
    -1.38281119e+000 -1. 4.42237366e+002 -6.71111524e-001 -1.
    1.74242676e+002 7.68495440e-001 -1. -2.55121918e+001 1.00914443e+000
    -1. -7.74185638e+001 -1.31290662e+000 -1. 4.23432190e+002
    4.92625207e-001 -1. 3.39911499e+001 1.03118229e+000 -1.
    1.15022736e+001 9.52389538e-001 -1. 2.16881790e+001 9.41189289e-001
    -1. 2.31360931e+001 9.27610159e-001 -1. 2.48915253e+001
    1.04460108e+000 -1. 9.76756287e+000 9.44800079e-001 -1.
    2.26693039e+001 8.78085911e-001 -1. 3.12937546e+001 8.99493039e-001
    -1. 2.85263596e+001 9.76057827e-001 -1. 1.86284714e+001
    2.65296173e+000 -1. -1.98152710e+002 1.04753053e+000 -1.
    9.38885498e+000 1.57416940e+000 -1. -5.86921997e+001 2.48286128e+000
    -1. -1.76163025e+002 1.39645875e+000 -1. -3.57187195e+001
    -9.05825973e-001 -1. 4.28632996e+002 4.20135409e-001 -1.
    1.53428436e+002 -1.27068448e+000 -1. 5.04359741e+002 9.36674416e-001
    -1. 4.62202759e+001 4.26731033e+001 -1. -7.49864063e+003
    -1.76337528e+000 -1. 5.17633057e+002</data></L>
<P type_id="opencv-matrix">
  <rows>3</rows>
  <cols>100</cols>
  <dt>f</dt>
  <data>
    104. 1.18800003e+002 1.33600006e+002 1.48400009e+002 1.63200012e+002
    1.78000015e+002 1.92800018e+002 2.07600021e+002 2.22400024e+002
    2.37200027e+002 104. 1.18800003e+002 1.33600006e+002 1.48400009e+002
    1.63200012e+002 1.78000015e+002 1.92800018e+002 2.07600021e+002
    2.22400024e+002 2.37200027e+002 104. 1.18800003e+002 1.33600006e+002
    1.48400009e+002 1.63200012e+002 1.78000015e+002 1.92800018e+002
    2.07600021e+002 2.22400024e+002 2.37200027e+002 104. 1.18800003e+002
    1.33600006e+002 1.48400009e+002 1.63200012e+002 1.78000015e+002
    1.92800018e+002 2.07600021e+002 2.22400024e+002 2.37200027e+002 104.
    1.18800003e+002 1.33600006e+002 1.48400009e+002 1.63200012e+002
    1.78000015e+002 1.92800018e+002 2.07600021e+002 2.22400024e+002
    2.37200027e+002 104. 1.18800003e+002 1.33600006e+002 1.48400009e+002
    1.63200012e+002 1.78000015e+002 1.92800018e+002 2.07600021e+002
    2.22400024e+002 2.37200027e+002 104. 1.18800003e+002 1.33600006e+002
    1.48400009e+002 1.63200012e+002 1.78000015e+002 1.92800018e+002
    2.07600021e+002 2.22400024e+002 2.37200027e+002 104. 1.18800003e+002
    1.33600006e+002 1.48400009e+002 1.63200012e+002 1.78000015e+002
    1.92800018e+002 2.07600021e+002 2.22400024e+002 2.37200027e+002 104.
    1.18800003e+002 1.33600006e+002 1.48400009e+002 1.63200012e+002
    1.78000015e+002 1.92800018e+002 2.07600021e+002 2.22400024e+002
    2.37200027e+002 104. 1.18800003e+002 1.33600006e+002 1.48400009e+002
    1.63200012e+002 1.78000015e+002 1.92800018e+002 2.07600021e+002
    2.22400024e+002 2.37200027e+002 44. 44. 44. 44. 44. 44. 44. 44. 44.
    44. 6.55999985e+001 6.55999985e+001 6.55999985e+001 6.55999985e+001
    6.55999985e+001 6.55999985e+001 6.55999985e+001 6.55999985e+001
    6.55999985e+001 6.55999985e+001 8.71999969e+001 8.71999969e+001
    8.71999969e+001 8.71999969e+001 8.71999969e+001 8.71999969e+001
    8.71999969e+001 8.71999969e+001 8.71999969e+001 8.71999969e+001
    1.08799995e+002 1.08799995e+002 1.08799995e+002 1.08799995e+002
    1.08799995e+002 1.08799995e+002 1.08799995e+002 1.08799995e+002
    1.08799995e+002 1.08799995e+002 1.30399994e+002 1.30399994e+002
    1.30399994e+002 1.30399994e+002 1.30399994e+002 1.30399994e+002
    1.30399994e+002 1.30399994e+002 1.30399994e+002 1.30399994e+002 152.
    152. 152. 152. 152. 152. 152. 152. 152. 152. 1.73600006e+002
    1.73600006e+002 1.73600006e+002 1.73600006e+002 1.73600006e+002
    1.73600006e+002 1.73600006e+002 1.73600006e+002 1.73600006e+002
    1.73600006e+002 1.95200012e+002 1.95200012e+002 1.95200012e+002
    1.95200012e+002 1.95200012e+002 1.95200012e+002 1.95200012e+002
    1.95200012e+002 1.95200012e+002 1.95200012e+002 2.16800018e+002
    2.16800018e+002 2.16800018e+002 2.16800018e+002 2.16800018e+002
    2.16800018e+002 2.16800018e+002 2.16800018e+002 2.16800018e+002
    2.16800018e+002 2.38400024e+002 2.38400024e+002 2.38400024e+002
    2.38400024e+002 2.38400024e+002 2.38400024e+002 2.38400024e+002
    2.38400024e+002 2.38400024e+002 2.38400024e+002 1. 1. 1. 1. 1. 1. 1.
    1. 1. 1. 1. 1. 1. 1. 1. 1. 1. 1. 1. 1. 1. 1. 1. 1. 1. 1. 1. 1. 1. 1.
    1. 1. 1. 1. 1. 1. 1. 1. 1. 1. 1. 1. 1. 1. 1. 1. 1. 1. 1. 1. 1. 1. 1.
    1. 1. 1. 1. 1. 1. 1. 1. 1. 1. 1. 1. 1. 1. 1. 1. 1. 1. 1. 1. 1. 1. 1.
    1. 1. 1. 1. 1. 1. 1. 1. 1. 1. 1. 1. 1. 1. 1. 1. 1. 1. 1. 1. 1. 1. 1.
    1.</data></P>
